alpha=0.136
beta=0.259
gamma=-0.351538
c=10.75514
pka=0
